-4230
-3895
6280
-4060
-5880
7545
-4255
3145
1615
-480
-2485
4205
-1260
6635
-1755
9525
9845
-9270
2315
-2290
-4765
-9215
4270
-1720
-1795
9565
6975
-5950
5485
-1600
6445
-2560
-3860
-4650
-2845
3235
8820
-2160
-1545
3210
-2485
3040
-5395
-8075
5555
-3890
3095
-875
-285
6155
-3295
7735
7160
-6605
6010
-2695
9330
-470
9550
-5665
-1385
2495
6355
-565
-210
7425
-2180
9435
8070
-300
4255
-2590
-2850
6735
-4150
7920
-6275
9080
-3080
7375
3195
-1535
3310
-535
9690
-8025
9605
-3650
-410
2630
9390
-4360
8240
-2135
8000
-1895
4970
-155
-6815
7475
7270
-2830
-1550
9320
-1080
5610
-6425
-2105
-630
5205
5380
-2490
-3145
5675
-2265
-5705
9585
-6810
-5485
6595
-3865
7195
-4525
7855
9480
-2005
-2240
-8270
8740
-2635
-3515
4070
-2255
6140
9400
-5515
5215
-1885
9270
-4830
6185
-2910
-2625
9735
-2140
8410
-4155
6600
-5515
7380
-3780
9475
-3230
-2515
9745
-7525
-2430
8535
4990
-1815
-5010
-9720
8305
-535
-1380
7485
-2120
6700
-5610
7925
5865
-4545
-7475
9760
-2575
6065
-2450
9110
-4555
7615
-6865
-8135
-1870
3945
-3540
9645
-3620
4515
2835
-1430
9390
-2175
2260
-1705
-4770
8655
-2925
4590
-7025
8340
5545
-3880
-2035
7585
9465
-3360
4950
-2730
-6330
8050
5525
-1640
6965
-1970
4560
-675
5655
-2055
-7710
-925
-4500
6125
4715
-3605
-5530
-3285
-3900
4405
7855
-190
-285
6945
-215
9650
5245
-2470
7550
-6995
-3690
7020
7965
-4305
7440
-4055
7070
-4605
-1095
6665
8885
-1670
7405
-4075
-2790
-370
-2340
4085
-1750
6745
6915
-2990
-9420
-2800
7605
-2375
-7375
9725
4730
-290
6990
-5795
-3160
-3590
8400
-7140
4015
-2350
-4190
5855
-2785
4265
5765
-1765
-7345
8980
8880
-7215
7545
-3400
-6925
9700
-6200
-2795
-4220
8660
-3855
4965
9715
-4270
9565
-7340
-1005
7375
-7005
-5780
6855
-4080
3235
-1015
4695
-3650
-4640
-4805
-2140
6580
7050
-2055
-4410
8295
7750
-2200
-2445
7090
-2790
8895
-1180
4095
-1690
8350
6305
-3530
7010
-500
-5560
8870
-6285
9060
-1335
6150
-200
6615
9910
-7090
-8030
8730
-2305
7300
-7120
7675
-4715
8305
-3685
4745
-1655
-6625
4580
-3860
7325
-2885
-1720
7270
-2880
9540
3490
-715
-8020
9490
-7640
9305
-8410
8860
2200
-535
-2150
9920
-2455
4675
6955
-1960
-2615
8720
-2540
9200
-735
2955
-2905
5680
-8530
-6550
-4510
9750
9015
-1685
5120
-2345
4090
-560
-6870
8300
2830
-2275
-6545
8210
7820
-6710
2925
-705
-1890
5750
2965
-170
-7985
2990
7315
-6100
-510
8835
-1885
4660
-4030
5135
4325
-2105
-825
6250
-3375
3540
9195
-1980
4855
-4715
-4590
9005
4835
-2060
-2010
-6145
-1320
4650
-2680
9895
-2755
4975
-2010
-9725
-2800
7795
-1915
9630
-5480
-4750
-7940
-5695
7095
-2185
-1045
4930
-3990
7320
9220
-8610
-8585
9140
2155
-780
-1125
3695
8880
-7150
2795
-150
4985
-1550
9990
-5550
-245
4265
-270
2490
6200
-1530
3630
-2520
-700
6805
-1500
4830
-6960
7080
-6490
2050
6325
-5215
5190
-3525
-8250
-5140
9355
-475
9710
-4005
-3965
5630
-6700
8365
9960
-2175
-9680
-790
9445
-1595
-315
4755
4370
-2150
9750
-3770
6435
-5965
3785
-770
-2930
4595
-4500
8385
2690
-1755
4070
-665
5635
-3970
6870
-2940
5620
-3955
8880
-585
9855
-2085
-3880
-5880
9625
-1055
7595
-5375
4835
-1080
-720
8490
-4955
9950
-4570
8455
7790
-3800
9700
-3595
-5410
8810
8540
-7330
-385
5935
4965
-595
7805
-6300
-3540
9090
-5395
6505
-2665
8215
-980
3200
-2265
2910
3360
-640
-910
4795
-3895
9135
-2060
4280
9595
-4090
-375
-4480
8505
-5175
8900
-4315
-5275
8050
-5835
-6240
-7455
9625
-6925
7480
-2780
3385
9305
-5100
-3910
5015
7140
-4920
2410
-530
6190
-2275
9355
-5470
-7670
8780
-735
1560
8765
-7100
6580
-4360
-5180
9390
-3500
4055
-2505
9285
-3715
-5450
-5200
5960
-3675
4785
-1445
2765
-9475
-9900
5560
-565
2440
-220
-5305
5860
-6885
-440
-2260
8920
-8365
8920
6750
-1200
9610
-4060
7705
-575
-6290
8510
7185
-2745
-2490
8595
-2700
9915
6360
-5680
5780
-5310
7080
-2120
-7055
8510
-5775
8550
930
-375
-4785
8670
4900
-1570
-355
910
-3890
9440
-4590
5700
6700
-1705
-2560
8110
-4115
9665
-1275
2385
1785
-785
9080
-5750
6510
-3200
-7250
8225
9365
-2705
-2575
7570
8595
-1380
-7320
8805
7900
-7425
-1380
4265
-2755
7750
5940
-945
-4390
6560
4865
-4310
7930
-1410
-810
9135
-7440
-280
-6005
9890
-4145
-350
-740
5300
-590
-7065
6890
-4115
8085
-1980
9440
-4745
-2105
7850
7465
-1580
-5055
-6055
-8425
8755
-370
925
-6650
7970
-5020
8350
-390
885
8985
-1495
7600
-2050
5465
-650
9970
-8305
9335
-1010
8545
-4105
4635
-4080
-2155
9370
-940
-2445
-1900
8560
9490
-7270
-2095
4315
-4530
8415
-2305
8395
7365
-1815
7900
-6995
-2800
9670
-1390
2500
6320
-1645
6715
-6290
-245
1205
9760
-3655
2720
-900
9375
-6600
8210
-4880
7295
-635
2905
-1400
-200
2540
4615
-3305
1455
-1290
-4285
8725
-1365
2475
-5925
-7565
-265
-6750
8970
-1200
-6965
-3765
-2280
2975
9935
-4940
-5635
5870
7335
-5670
9395
-6550
9545
-2530
-395
9980
9250
-7030
-440
9875
6090
-2205
-6380
8045
1745
-1610
8610
-7125
5170
-3050
-225
6885
7960
-6295
-1005
3225
-6400
9175
-3970
5635
-455
2620
-5755
9640
4540
-3030
6390
-2145
6495
-1500
6405
-3630
3520
-745
-4290
9840
7580
-4805
-6640
8605
-1250
9575
-815
9235
-2845
6730
-6500
7780
-3680
5360
-8920
9475
6135
-3360
-2965
4085
-2250
2805
3285
-2855
-935
7595
-7780
8185
8985
-3990
-3395
7280
7975
-6865
-1390
5440
-2440
3650
6360
-3250
-4470
8910
9595
-8485
-1360
2470
-2940
4605
-6700
9475
-6145
8365
-6605
7715
-1135
-7945
8110
-555
-4150
7905
-1255
5695
-7315
-7335
6990
-4215
-7160
8270
9175
-2515
-710
7370
-3255
8800
-3495
9600
-575
-2340
6125
-1685
-3955
5985
9185
-305
9045
-2325
6995
-1690
-2980
7420
7705
-4375
9510
-8135
8890
-2785
7945
-3505
9835
-1810
6455
-1460
9680
-4595
8240
-7130
5110
-4000
-3970
6435
6935
-1940
-675
9555
-7470
-1620
4320
-3790
-2830
8380
-4410
4965
-6210
6940
9290
-3990
-3240
3640
-320
3650
-5950
7060
-8780
-4785
9130
-3025
-835
3390
8645
-5105
9270
-2055
-4015
9565
-445
5995
-7360
7915
5095
-3985
9890
-6905
8200
-4870
-4435
-3505
-4720
6940
-510
7820
-6585
7085
-290
6760
5650
-5095
-2540
5115
-850
7345
-275
2495
8210
-6545
-760
6865
9110
-6280
6660
-2535
-5835
9720
-6175
7840
-3540
-2285
8645
-3650
4870
-2095
-4075
9765
-9005
-5365
-5990
7100
-1825
2160
-585
3915
-2160
4810
-8310
8585
1030
-965
-2555
5690
-3875
6420
-6370
8315
-1835
7385
-1885
4105
5435
-4325
6100
-4990
7820
-3215
-5645
6960
-1495
2605
8310
-3495
-785
5180
2215
-1660
9420
-6090
8295
-6715
-2800
4095
-645
6195
5285
-1585
-4430
4985
8765
-5435
-1340
5190
2885
-1660
8130
-360
7280
-4260
-3810
5475
9535
-3985
-275
2715
7310
-1760
-2920
6640
-625
5620
-380
1490
-590
6380
7410
-2000
-2510
8720
6800
-5030
-3160
6950
-845
4375
-840
-5220
-5795
9125
9805
-2035
5565
-2790
6300
-4635
6150
-4485
9130
-8020
-8690
9245
8570
-210
-5230
8560
-2820
-5310
-6105
7770
-5660
8715
8250
-6030
-6510
9620
5400
-165
4115
-785
5515
-1705
3170
-395
-1905
5790
4395
-3840
-375
8810
-665
5105
6655
-2215
-1165
5270
3525
-1700
-3530
-1030
-8660
9770
5415
-4860
9020
-2125
-4710
-4160
7155
-3270
-310
865
6520
-4010
-310
5860
-1745
5155
6070
-2100
8980
-6765
-340
3670
8685
-5485
8605
-5405
5055
-3390
5555
-1115
-4940
5815
4870
-1540
-245
2465
7780
-1110
6470
-5150
6875
-1880
-8120
-7690
8820
-2215
-6520
8480
8280
-4395
-3925
9765
7660
-4885
-5010
9125
6735
-3075
7535
-265
8650
-6985
-4770
-7430
-5380
7045
5105
-1220
4535
-705
7695
-2825
4960
-1215
8725
-2065
-835
-8935
9780
-2160
-835
1390
5660
-1140
4805
-2030
8930
-2440
8735
-240
-4925
5480
8285
-1625
4830
-2055
9115
-235
-4230
7055
-945
4675
-445
9325
4630
-745
-2370
4970
6180
-1185
-2110
7105
-9560
-3615
7950
-4620
2850
-2295
-2860
8410
-8985
9385
5470
-3890
-1170
5055
9820
-3715
-2985
5005
9195
-4755
-5445
7110
5280
-3005
2850
-2295
-1065
3870
3345
-1390
6020
-2135
-3215
9110
-4305
8745
8125
-6325
6295
-3520
6525
-4860
4335
-450
-6670
8890
9110
-5225
-4310
8750
7030
-1280
-1250
5110
-6505
9280
-3010
4675
-3380
4490
-3420
7860
-6790
8565
6150
-3930
8055
-285
8925
-2590
4920
-4365
9910
-3805
9650
-2990
-2705
9595
8410
-2860
-5160
6270
-8885
9995
7350
-2355
-7530
-1570
-4145
5690
9470
-7250
6495
-2055
8265
-7725
-7390
7945
-2060
7670
-1035
1725
-7160
7715
6830
-2135
-2050
8155
-7040
8075
-6855
-980
-3985
4295
7500
-6390
9670
-1910
-185
3255
6770
-5105
9005
-2345
-2985
8870
-2035
3700
-7865
8905
-480
9915
-6415
6970
4370
-2415
-5820
6565
-1705
4220
-2300
4520
-7900
9010
-8155
-8945
-5150
5270
9960
-5105
4570
-3460
2405
-1850
-1160
5045
6395
-5840
-405
575
9445
-4450
1060
-390
-1205
2870
3320
-1100
5425
-4315
-4980
8370
-400
8725
9830
-950
1750
-645
-4320
-3675
-570
3345
-1890
2275
4325
-2105
4685
-2570
-6450
6815
5895
-345
-2780
9440
-2225
-1195
9800
-7025
-2220
8455
9910
-1585
5995
-445
8920
-7365
-4330
5050
9205
-325
8465
-965
7990
-3550
-825
4710
5965
-1050
-2305
7855
5070
-630
7750
-6030
-555
1820
2505
-1150
-4000
7330
-8945
9500
-8155
-5390
8725
-8450
-4470
6690
-2145
8250
-5030
-8965
1030
-475
9620
-6290
9450
-7230
-4640
5750
6980
-5315
7635
-5415
-2030
8930
-1205
3980
-1400
-7125
5525
-3460
-2265
4175
-7845
9290
9325
-5995
2650
-430
-2955
-6935
-5905
-5120
-975
1530
-3355
6130
7505
-880
-6605
9050
-4495
-8225
-440
-1485
-215
9095
-7015
7840
-860
8920
5440
-3775
8515
-4630
-2310
5835
-2510
3620
7615
-4855
-3490
5155
-3045
4155
-390
8160
-1510
7615
-1550
1965
-9080
-2960
2295
-630
-4140
6190
-1410
9180
8105
-2555
7230
-5060
-3135
7575
-3510
7955
-4095
4245
6855
-4080
4280
-4185
5235
-1735
6740
-6425
8110
-3665
-7250
8870
5710
-5320
-4350
-2015
-265
-7195
-1650
3110
-3205
9120
-4155
5265
-5755
8550
-4385
8270
-235
9000
8660
-2000
-585
9375
-4890
-6130
9405
-4965
5010
-2235
-250
1915
-1405
5340
8815
-3820
-4460
6325
-1600
3680
-5160
-5120
5160
-1830
7760
-5010
-270
5975
-1410
4925
-4520
6220
-4050
6555
-7020
9240
-1105
6010
-200
5750
7605
-5940
-6700
8455
-4950
5960
9075
-7410
-1165
4815
-5265
5820
-3775
9325
-5745
7965
-1260
9585
9340
-2680
8265
-6135
8845
-2675
-220
1330
8185
-4855
8105
-1445
-4650
7425
2770
-1100
-935
4820
9350
-5790
4100
-2990
-2715
8265
5835
-490
-950
3490
-2165
7160
-1830
4990
3140
-2585
-5235
9235
9450
-7230
3605
-1315
-4780
-8320
-2545
9015
4475
-2255
-485
9920
-2060
2615
5690
-695
-9815
-3025
2020
-2005
6830
-6515
8735
-6515
7255
-5855
-6490
9580
-2735
4955
-6685
8350
1135
-1075
-1910
5240
9910
-6025
-2815
5035
8695
-7585
6130
-3385
-1090
6085
5115
-1230
-6475
7585
-1925
3590
8255
-3020
-855
8625
-3700
4855
-1825
4600
-660
9975
8065
-5290
6545
-2105
-2535
9490
8780
-2625
5290
-3070
-680
6305
8205
-2260
-165
-8030
-3490
6820
6305
-2420
-2875
5095
3750
-975
-7640
8180
-3985
9640
-195
3430
-2585
3140
-7930
9040
-7470
8295
-3910
-6735
-3495
4050
-3545
6830
-405
4685
-8045
9155
-5585
9470
5360
-2260
9400
-3850
7180
-3295
9440
-2370
4970
-3860
8255
-3060
-4755
5020
-3105
8100
6535
-3760
9385
-1115
-4310
6105
-1110
6080
-515
9950
-1375
4150
-6150
7260
-2975
6685
-9090
9575
-7015
8680
-965
2490
-1715
7820
9655
-7385
-5105
9275
5575
-1690
-8005
-7340
-2555
6995
-2710
9925
-4495
6210
-6060
8835
9880
-1000
-5750
8525
-6855
7230
-2710
7580
9640
-5755
6755
-1855
7320
-2880
9280
-6505
9020
-1705
-1530
-3930
-7930
9610
-2430
9645
2675
-2375
8380
-1720
-2830
4330
-5345
8675
-7160
9935
7350
-4575
-425
5420
8240
-2690
7185
-6630
-2495
4715
-3935
4490
8610
-1040
6345
-1130
-4265
9520
8110
-7000
5555
-2225
-4980
-4745
-5235
9120
1465
-495
8530
-7115
-735
6285
-9490
-3580
-2440
9100
2765
-2210
9920
-9365
-965
7625
4960
-2220
8980
-4590
-5275
7665
9030
-7920
9950
-5305
7685
-470
-970
8545
-890
2270
9085
-1870
9960
-3855
9970
-535
7115
-4340
-225
9425
9600
-720
-2560
-2200
7710
-1050
6580
-6005
-4395
6545
-3585
6915
-3790
4900
-3345
7230
-370
9805
4250
-2585
6685
-3910
6830
-3625
-2610
5095
-2180
3095
1840
-1285
-6665
8380
9625
-2965
-3825
8265
-190
2265
7345
-5965
-4080
6300
3420
-2490
-260
9140
6175
-1160
9610
-730
6440
-5295
-450
1560
-6000
9000
9855
-1575
-4135
4690
-3170
4280
-9510
-6920
8860
-7195
-2590
3610
-1190
-5380
-3490
5710
9780
-4650
8810
-7145
-3970
8075
-2630
4180
-1785
1910
8895
-6120
6325
-775
-1650
3315
-1100
2765
-4640
-9710
8825
-770
-425
9860
-5150
7355
7410
-5555
6460
-2505
-1450
9775
-2055
-2440
4680
-240
-3540
8210
-5620
8560
-1920
3585
5160
-1275
8960
-5860
-2815
-500
-8490
8730
3140
-1040
9900
-465
5020
-4465
6580
-4435
-2715
7710
-790
2455
9975
-8865
-705
1815
-3590
-7805
6720
-2280
7030
-6475
9450
-4455
-890
3635
-6980
8075
-3165
4275
6590
-485
6570
-5145
-3745
5925
6315
-765
-1655
9425
-3280
4390
4665
-3935
-4480
9475
9660
-6885
-9590
-1280
-1430
3650
-4010
6055
9980
-695
5995
-445
-7845
-1190
-6100
9430
-1555
3775
8450
-1790
-4585
5390
7740
-3855
-2075
7625
4735
-4180
5270
-1455
-2235
6120
-7870
-7680
-2150
7145
8510
-3810
8470
-4585
7120
-5850
-1415
2850
4680
-795
8390
-4120
4850
-3475
-4120
9315
-3095
3330
-3820
7150
4240
-4070
-2690
4355
-4420
8310
-8370
-5185
8965
-1195
-4155
5820
-2365
3255
-3465
6795
-2215
8320
-2865
3420
-4350
5875
-5235
5985
-625
-9075
-2115
6555
-6720
6795
4545
-1980
8830
-7720
-3985
6205
-3250
-3125
-7935
9395
5245
-5140
-3705
5370
4450
-880
-4380
4430
-740
-2535
-7810
-7855
-980
2090
-7210
7325
4740
-3030
-1645
8305
7110
-6000
-1565
4895
9950
-4740
-1990
9620
-6665
9640
5320
-3435
-8985
-3245
6810
-3135
-3960
5070
-5945
9830
-7710
-9980
-590
1145
-4005
-2320
-4825
7045
2465
-585
8585
-7475
-2480
4050
-5165
6275
-1060
7240
-4985
9425
7925
-1055
-6355
9685
8375
-8310
-2115
9300
9990
-7935
-3000
6330
9400
-5395
8435
-6770
4035
-3395
3835
-4390
9985
-3975
-7870
9535
-7505
8060
-4375
7150
5080
-1610
-6440
-5665
9130
-1360
-4965
5520
9170
-8795
-7235
8345
5715
-4510
9315
-6650
-1680
3900
-7360
9025
-2870
6520
-2035
-8475
-9200
9665
-5335
9220
-111
-555
-4025
9795
-3540
-6665
4135
-2150
8495
-2945
9145
-4705
-1265
6260
6980
-875
-5015
8605
3755
-425
-3725
5275
3285
-1065
9490
-3460
2990
-2435
-1195
6435
-3460
-9435
775
-220
2525
-860
-4425
9420
9255
-890
5240
-245
-2000
5525
-9730
-3075
-4355
7045
7795
-6685
2615
-2590
4985
-3420
-5690
-8450
-1885
4660
-810
-3775
3655
-1990
-3910
4250
5515
-4960
-5005
8290
-1875
6060
-7480
-6085
-3310
6085
-6895
7470
1105
-1045
4470
-1140
-295
8260
-1775
6175
9395
-4610
5640
-645
-1330
9655
5905
-4560
-2185
8845
-4790
6555
9880
-3775
-4320
5430
7160
-2165
-850
-1350
-5930
9260
-9820
-1090
-3585
-2345
5270
-830
8085
-1425
-5655
6500
9115
-790
5120
-3455
8745
-5970
-965
2075
6205
-5650
8400
-5070
-4305
8745
-6170
9500
8860
-6250
-910
8680
-3425
6200
8320
-2770
-5475
7365
7475
-1925
-3080
4745
-3755
6530
7335
-675
9935
-5480
9145
-2265
9280
-6505
-6515
9290
-2270
7820
5860
-2530
-710
5920
5460
-3240
3120
-2565
-210
7425
8430
-5835
8105
-7500
-745
1975
-6310
6970
-3240
-7240
-7895
9080
-4620
9060
6625
-180
7120
-4925
9180
-2520
7765
-2770
4940
-2165
-8230
-7885
7160
-6605
-4940
7160
4870
-1770
-8435
-1430
-4365
6035
8705
-3710
9255
-930
9500
-2450
6145
-595
8405
-7850
-4250
4805
-2660
3770
-4805
9845
4150
-1890
4390
-3440
-3515
8510
-3335
5215
-7665
8220
8350
-1535
-1910
8055
-4115
-1980
-980
7800
-2195
4310
7720
-1235
-7935
9600
-3300
7185
-4495
6160
-4660
5770
7410
-4080
-6805
7915
8090
-3095
4040
-2855
-5390
9830
-2545
-8830
2775
-2035
8725
-8145
3630
-1410
8645
-7535
9230
-350
-2540
-6785
6565
-6330
4835
-4645
-4025
4580
9560
-4785
9805
-6475
7700
-2705
8405
-4475
7855
-2245
8025
-4695
-4975
6085
-4130
9680
5370
-3150
-7285
8950
-1530
4860
-6525
8325
7380
-6345
-725
-7745
-3705
4925
-8810
-985
-215
6875
-1380
8960
4590
-2925
9770
-890
-375
5370
8955
-7845
-5770
7435
-9460
-165
5510
-3290
3300
-2410
-3010
5135
2435
-340
7375
-3280
6615
-510
-6255
7015
-6050
8270
3810
-2700
7210
-6400
-1325
1460
8620
-4800
-1170
6710
-5325
6435
7830
-1725
-4665
9660
-8165
8640
9345
-6015
-3480
3825
7895
-7340
-8455
9920
-5580
8315
-5495
6320
-2100
7425
-8105
9770
-4745
-1370
-1065
-4865
5735
-5180
-6715
-2250
5700
-1815
2065
-585
9815
-8150
9705
-1380
-2670
6000
3530
-1865
-6175
-7070
-2235
-7640
9235
-6460
-9725
-6565
-710
1820
1900
-235
8615
-1400
4055
-2600
-1920
4695
8620
-6955
-2320
7315
9695
-2540
-950
9275
7265
-6710
-1620
4840
1005
-335
9245
-7580
4565
-4010
7845
-7290
-4390
6055
-4860
7235
9395
-2360
6160
-170
6180
-5070
-985
8370
1185
-695
1395
-1040
-1360
7140
-845
4675
-3630
8500
-8990
9545
-1305
8000
9695
-260
8050
-4165
2585
-365
6640
-3685
-1560
9095
9410
-1085
2970
-1305
-405
1275
-4855
6405
-2815
9435
-6765
7085
-3550
9100
8010
-6345
5680
-1795
4900
-460
9260
-285
-5750
9080
7780
-1120
-1065
6480
-8525
-2060
8175
-7065
-3315
5635
-1370
8585
-7055
7140
-4590
5600
-3075
-8755
-8295
-7750
-5665
6775
1015
-460
5420
-4310
-5260
9700
6215
-4550
-1290
8505
-4540
5650
9070
-6295
4865
-1535
-4480
8120
9245
-8445
-1425
-4925
-5985
9515
6925
-3215
-1215
4090
-2725
6610
-770
5130
-5190
7800
-5000
9995
9895
-7675
5630
-635
9295
-3605
-245
4130
3465
-2955
-2415
5745
-2845
3400
-1600
3820
9235
-565
-680
2345
-2040
-4180
-2645
5160
-2590
7175
5045
-3380
7775
-3890
-1910
8015
-450
5140
-805
8635
5455
-2290
9745
-6510
-2515
6635
6540
-4320
-480
-6170
-7135
-5950
-5505
8675
-420
4860
-505
7720
-1720
6960
6845
-1850
-1940
8600
-3425
8275
-2460
7455
9150
-5820
7770
-5345
8590
-8420
3945
-2555
-2450
9665
6795
-2355
-1075
6070
5135
-4875
9035
-7370
-2085
3195
6220
-4555
-2150
6530
3865
-1530
-3445
4710
-2515
4180
9080
-5270
-4050
5715
-1995
8355
-2910
4650
-1525
6305
7975
-5755
-4575
-3050
7190
-3975
-4195
5305
4250
-430
5645
-4535
-4035
6255
-660
6370
-6215
6930
-8755
-1890
7275
-3390
5450
-2120
7960
-5185
-1715
6155
6860
-1310
1975
-1940
8920
-4480
-5485
9370
-8490
-8845
-1175
5975
-7155
-585
-5280
9175
-3845
8840
-5905
8365
-4115
9735
9670
-4120
7555
-4225
7210
-5665
-6185
6740
5830
-4940
-2615
7610
9545
-2885
-640
-9160
8160
-285
-2540
4760
8160
-6340
-1475
4205
-5330
8050
-605
1765
6405
-4740
-5190
7965
6600
-495
-1555
8940
4645
-4005
8270
-2720
-2210
9980
-6475
-5115
7795
-2500
-3260
9525
9965
-4970
5535
-4980
8525
-7680
9500
-7785
9265
-2050
7705
-5485
-2320
7315
6570
-1575
-4200
-9150
-9710
-6130
6765
-710
6295
-4715
6285
-5175
-4805
-4065
-4495
6715
-1865
-4350
1805
-1250
-2700
6030
-7720
-955
-2350
3460
9840
-6510
-4470
8390
-780
7440
7535
-545
7930
-7450
5035
-4480
7210
-2425
7780
-1675
5625
-2850
5885
-2000
-1050
6600
-1365
3585
-3935
8930
-1860
3710
-445
-7160
3610
-1370
8450
-5005
9040
-8485
-6630
7185
9225
-5630
-1625
4400
-380
6220
-4635
-9385
-5875
7995
-2570
6970
1915
-1360
8250
-3255
-3155
6105
8625
-7730
-8385
-2775
-5585
8360
-7215
-4640
1285
-730
-3360
4470
6870
-210
-6600
6725
-4395
7725
8300
-7170
-210
4095
9650
-8775
6320
-4100
6190
-3690
9875
-6645
7325
-1775
-6120
7785
-7475
9665
-4025
8865
4035
-330
-3030
4695
-895
8650
-7495
9160
7465
-2470
5440
-3775
9095
-6875
-1720
7735
8080
-1975
4240
-1475
-3935
8210
-730
3505
4445
-1670
1390
-280
3670
-810
-4340
8780
-2270
5600
-7010
9120
7040
-4625
-2575
-7330
-3265
6040
1865
-200
-4350
-8925
6940
-440
-3080
6595
3870
-2340
6940
-4430
-2720
4960
-7600
8155
-8845
-9275
8280
-4290
-1600
9925
3210
-990
7625
-415
2375
-960
4700
-3810
-1840
9055
-4095
4650
8925
-1810
-370
8695
-4490
9230
-1390
6565
-6765
-7405
-4060
7945
8630
-5855
-6290
-9635
-1400
3805
-3455
-3670
-4415
6635
-4095
7980
9150
-3045
3660
-1440
-2515
7510
-8650
9205
-6725
8550
5410
-4855
-8230
8955
9005
-680
3545
-9650
-2805
3330
6290
-1400
9995
-1000
-3845
4760
5745
-1860
-220
7435
8620
-4070
5320
-1990
-9265
4270
-3095
-7945
-7040
-5305
7090
-2095
6365
-3035
-895
4225
-875
5570
-755
4740
9080
-7690
6585
-2700
8505
-735
-2120
3365
-4340
8780
8180
-6440
-5725
-9745
5055
-4500
8525
-1865
-2525
-4345
9675
-895
-375
6445
7490
-3605
-2250
8910
-1445
5885
-3325
-7410
8050
-7515
3520
-1300
-1900
5035
8315
-6650
-2750
7745
-5835
9665
-2915
5935
-8150
-9380
-3665
4220
7665
-3995
8350
-4365
5940
-4830
-6065
8575
-8395
-4200
7510
-5290
-385
3715
3170
-1505
-1070
3845
-700
2615
-6445
-8970
8535
-6870
-790
1900
9640
-3535
7820
-2440
1125
-165
8585
-8410
-665
7840
3035
-260
-865
1975
6510
-4290
-5210
9095
7830
-615
-5975
7640
-1050
8265
-2770
-6990
7535
-2540
-5125
6620
-4795
-4010
6325
-220
-6715
8380
8045
-5825
5410
-4855
8130
-360
-2840
9075
7210
-4435
-3710
-6190
-5870
8645
-4725
6390
-6960
8625
-6585
8805
7655
-1550
-6715
7305
-4080
6795
9370
-5220
-6220
6520
-8380
9490
5530
-3535
1220
-1130
4925
-2150
-3495
7380
-2930
4290
-5050
6035
8020
-250
9165
-840
-4090
9640
-1520
-3970
-7570
-4670
-1435
3655
-5640
8415
4890
-1940
-2255
3365
-6115
6665
-7240
-275
-730
6280
8090
-2540
-1085
8300
6585
-1035
9210
-1135
-4595
6455
-8765
-4680
-2330
9400
1595
-485
-2205
7200
-1880
5765
9430
-6105
-5325
9745
-480
7265
-9750
-4150
-8125
-5635
-3460
9565
-3765
9870
9780
-2565
-2765
7205
3955
-2290
-690
5685
1905
-215
-2050
4335
2515
-245
-1020
4510
-2135
8295
3385
-2275
8515
-6850
2320
-655
9150
-2935
8545
-2995
-3675
6965
-7855
-5020
3625
-1405
9215
-2555
-5255
-6270
-330
9765
-8270
9380
-435
-7045
8590
-1375
9980
-6650
-7195
9605
5590
-4480
4660
-2440
-645
7305
2165
-1610
9680
-5530
3000
-1660
-495
5490
-3205
6535
7715
-6605
5035
-3925
8115
-2160
6800
-3915
-4070
-9915
-4060
5470
-2480
9695
-2275
5605
7630
-3790
745
-280
9790
-5905
8660
-5540
-7685
9690
-7495
-9360
5250
-1920
-5385
8715
-3425
5360
-7365
9030
8455
-1795
6155
-3860
8105
-5290
-4200
6420
-1435
3100
9335
-7580
-7310
8975
3400
-2290
-1260
1815
-4950
8690
-8680
9235
-1455
5340
9455
-3350
7155
-5045
9245
-2030
-5035
6145
-7325
7635
-5095
7870
7335
-545
-2030
4080
8000
-230
-385
6490
-270
3340
7840
-4865
3180
-950
-1335
9105
6195
-5640
-4095
7350
5175
-3510
7645
-6265
-6645
9420
-1400
6395
-1725
8385
9260
-6855
-375
6480
-2760
7200
-3610
6660
9485
-8930
-1685
8490
9325
-445
-635
9625
8550
-7195
2315
-1845
7450
-1330
2105
-670
-3295
5515
7735
-2485
-2330
8990
4105
-2440
8765
-7655
-1150
7255
2020
-970
-3805
4915
-7245
8575
7990
-840
7445
-1340
-3380
6245
-1925
-8615
-480
3255
-3850
7735
9725
-3615
8655
-1995
-1880
9095
-8095
-9505
-210
3540
9455
-4455
-5310
9195
-7090
8755
4635
-750
8620
-5290
-830
4830
9425
-2210
8100
-1995
-6440
-3030
-4840
5395
-1470
4800
-765
1875
7420
-5200
-5235
8565
-2940
7030
-6315
8740
9180
-8070
4905
-1020
9540
-2360
-7990
-1630
8560
-7450
9560
-9365
-3230
-9255
-3430
9465
3655
-2545
-675
1230
7145
-5080
9390
-8835
-3500
8320
-4415
-7655
7995
-5220
-7965
9695
-6870
8535
3415
-2305
6035
-4925
-760
5185
7180
-6735
-9630
-4520
-5835
9190
-915
-8685
5575
-5020
9915
-4535
-7570
8680
-355
8125
8710
-4870
5110
-670
7695
-4785
7775
-4290
-3275
-730
-8810
9160
-4830
8100
-4425
9515
-640
2670
6320
-4740
9340
-4490
-3120
8195
-2295
7845
-5380
7700
-5505
6430
-2470
-5700
-2435
-7770
5495
-870
-2340
7335
-1430
4355
9640
-8130
3965
-2730
6910
-255
-8675
9565
8450
-7340
-2125
-7385
-335
-7850
-1590
5335
-4350
4430
8960
-1610
-5370
8145
2225
-1090
-8895
-6980
9770
-1425
4255
-925
-1205
8910
8435
-7880
9985
-8320
-7850
8020
9840
-6530
-3445
7160
-1720
3385
1980
-1090
-2430
9560
-1995
5325
-8255
5480
-885
3495
-1975
7135
4385
-4050
6390
-1950
8275
-7165
8905
-580
4185
-1965
8210
-3275
6995
-6440
-250
3580
4795
-910
-610
-1890
-7625
9800
-4765
-6820
-8140
-2710
8115
-5895
-1715
5245
-4060
-9170
6255
-2090
8580
-2475
-5430
8205
-765
-3455
4225
-1450
3655
-3100
-2510
3485
9020
-695
-4615
5725
7350
-5485
-6800
8210
-3160
7600
-595
1705
-2400
7950
-9895
-7835
-510
1525
8895
-1680
7615
-6945
8215
-4885
6050
-3275
-8475
-1135
-1970
6965
8295
-1635
-2020
7100
-815
3785
-3995
5560
1365
-865
-3255
7695
-8540
-4965
-9320
9875
-1505
-7060
-255
5685
7130
-3245
-1185
6215
7230
-570
6135
-1390
-5130
8850
-5905
6460
-1900
9095
-2330
6650
6430
-3695
-1225
9550
-5610
8940
3105
-2550
5100
-1280
6470
-2135
5900
-3135
-3820
8260
-1750
4255
-6855
-9880
3090
-1845
8625
-2295
-3785
5450
8355
-5570
3975
-1200
6445
-4920
-7700
-5325
7040
-3155
3640
-1470
7270
-5605
9780
-8040
-3455
6395
8750
-8195
-6530
6610
-5975
9305
-2880
6210
5235
-4680
-2940
6825
-4390
-8370
-3820
7150
-1825
5710
-3485
8480
-1095
3315
-2530
7215
-1435
7035
-1535
7750
-1900
3565
-9355
-7865
9545
-6770
4945
-2170
8470
-700
-1225
2755
-7975
-1545
9155
-1670
-7520
7725
-5090
5645
-2510
3050
6625
-3850
-9465
-7660
8605
-835
7795
-3195
-6105
8240
5470
-4790
-2365
3245
3495
-1830
4705
-3090
-3890
7220
8785
-1675
4280
-2640
-8580
-4860
-3175
-1430
-1085
1905
-1400
1955
-6475
9665
-7815
8925
-6095
7205
-1900
5260
-2380
4600
1770
-1215
-1195
7990
-2580
5910
-4845
6920
5395
-1510
3790
-460
9805
-925
-7275
7830
-1870
6310
-1090
7195
5990
-2660
-1155
4765
6800
-2915
4305
-420
4480
-670
5605
-1720
-1145
9930
-2150
9975
-4365
-4540
3900
-570
-9005
-3495
9880
-3345
-6325
-9960
4390
-335
-7780
-7245
-3135
5295
-2585
7580
-8720
9830
-525
7265
8375
-6920
9340
-7400
-6630
8850
-8715
-2205
6195
-2635
-9000
9555
-1370
5255
-5455
9350
-4465
4920
7260
-225
2030
-315
-2095
8755
5620
-3400
6665
-2780
-1960
3240
7155
-3825
-3975
8970
7285
-150
-6215
9545
-665
2885
-5515
-4795
4550
-1775
6280
-1840
7745
-1295
-9010
-6225
3470
-695
-835
3055
4565
-1235
9620
-3975
-855
7515
-1075
8845
4445
-4055
1875
-970
9030
-2370
9420
-6090
-2820
5060
-4290
5955
9420
-7200
-2410
4075
5020
-3355
-3970
9980
-7750
9845
-3520
7735
-7415
-3085
9805
-6475
-740
5735
8930
-8375
6240
-2355
-1485
1675
4940
-3830
-870
8970
4610
-4145
-3095
3555
7320
-6765
-1005
4890
-6280
-385
-2050
9830
9910
-4360
-960
3735
9515
-1745
1665
-1110
-1020
6570
-2660
-6560
9610
-6835
9390
-8060
-2705
-7850
3080
-2525
-1585
9910
-7125
8235
-5365
7585
1015
-265
-2690
7685
-1370
8125
-2560
9105
-1710
4485
-4240
-4840
5375
-3155
9995
-9130
-6135
9985
1980
-870
9515
-6740
-6660
-9245
8565
-5410
7605
-3795
5265
-825
-1325
4100
-1120
6500
-3805
8245
-680
8055
-1925
9730
8300
-6635
3970
-2550
-8675
9785
-7355
9590
5075
-3410
-7005
8115
-4495
8215
9390
-1890
-5730
9615
3785
-2360
-2255
8205
-3110
-5605
2630
-410
-7540
8775
-4065
5730
8265
-3825
9995
-1670
-6390
9165
6940
-280
-3715
8710
9775
-7680
8320
-3880
-2205
8865
-2815
3130
4725
-1395
-3975
5890
7855
-2860
5100
-4010
-1285
-3245
5995
-355
-1965
6610
9195
-1425
7425
-6870
6720
-5585
-8200
8755
9695
-8635
-865
1420
3895
-3340
-730
5725
-415
9850
8270
-3275
1825
-715
8265
-3825
6505
-2805
-2245
3355
8950
-1180
-845
6140
8425
-5650
-5090
6200
1485
-375
7915
-3215
5650
-4175
8345
-7235
8740
-3190
2775
-1695
4900
-3000
-1425
8640
8495
-7385
6925
-4050
-1845
7950
7485
-2490
-6055
8590
-1770
6600
8475
-7760
-485
4925
-6815
8405
-2810
5255
-3180
-3825
9600
-5715
6940
-6385
6365
-6280
9145
-8035
-4550
8435
7505
-2510
-2995
6925
-4935
9930
7005
-4305
7875
-3435
8025
-3585
5860
-4750
7170
-1065
-5785
6340
7210
-1380
-3015
4755
7910
-5690
-5545
6100
-390
1565
-7830
8485
8985
-3990
-3235
8815
3885
-2295
-1785
9555
4540
-2875
9465
-8355
-1010
3785
-4315
8755
-7030
7375
-2240
9490
7295
-635
-6895
-9790
-8450
-9330
2365
-1975
-8850
-4715
-1925
9910
7150
-1600
7235
-4980
8645
-6145
2185
-515
-1625
1070
-2305
5140
-5825
6900
2025
-565
-1705
5640
2305
-1500
-2590
8190
8300
-2195
-8660
9770
2065
-910
9120
-8010
-8750
-6370
-8795
9360
5940
-3720
-215
8905
4785
-900
-4015
-7465
-4390
5500
-6215
9265
-7600
-900
8510
-5735
-835
-375
-4050
-7340
8060
-3620
-2125
6010
6300
-2610
-625
8950
-1470
-2270
9375
-7155
-4035
-2300
-4060
6280
-5975
-7915
-1430
1540
8835
-610
-5000
9210
4290
-3290
-5260
-1110
-550
2215
-5610
6810
8625
-8070
-2255
-3220
7165
-4870
5435
-4880
-3070
5145
-1335
7440
-4955
5665
6220
-5665
-705
5700
8980
-7870
8115
-905
-855
3910
6780
-4235
-1245
7350
-4025
-3115
-6350
9810
8060
-4175
3965
-3635
-4795
8970
4595
-540
8940
-3230
-2805
5705
5920
-1570
-2290
8950
-7900
8425
-9530
-4180
7485
-3760
8135
-5915
-1395
4170
-8265
9560
-2590
-9860
8025
-3030
6370
-260
9570
-690
-1025
7685
-2435
5210
-2210
4985
-7755
-820
9845
-4735
-730
6835
2475
-1375
5295
-1410
7035
-3375
-3775
5440
-7345
9565
-1020
4780
7010
-3680
-7030
8140
-1650
6645
5735
-4575
9310
-7090
-8465
-1330
-3275
8270
-3310
8000
2390
-5720
4285
-2065
8860
-5690
-3650
6425
7835
-1730
-3305
-840
7810
-2250
-1725
7440
6155
-5045
-2360
6800
6575
-1580
-6855
7990
7915
-975
8080
-5305
-1755
3975
-9960
-840
5580
-2250
-5840
6950
1600
-1045
-1145
2255
8020
-1915
-555
-3640
8330
-7430
-9255
-4610
1945
-1135
6170
-5615
7075
-4245
6970
-4450
6895
-3945
9450
-7885
-1410
1965
-5505
5850
-2485
7480
-2510
8530
-6305
-3920
-2740
6625
-5175
5730
-3420
4630
-8505
9615
4775
-4680
-5440
7960
-9350
3245
-2500
6650
-1490
5380
-8765
-2425
-5310
5865
-7705
-1845
-2625
3735
4385
-3895
7905
-6185
-255
8580
7755
-3315
-4430
8465
-2910
4335
-8025
-9605
6210
-1770
-595
-9315
-200
2420
8525
-6060
6270
-4685
-430
1430
3925
-2815
9730
-8980
-1415
2550
-520
-870
5765
-2435
-2040
8180
-7510
8620
8800
-6580
3955
-540
9945
-8900
2785
-2320
-3885
4440
7250
-6695
-3815
-1245
8935
-6715
-5265
-5715
2270
-605
9600
-5160
-1890
7995
-285
5835
-2610
3720
5085
-1175
4605
-3495
-1505
5945
3865
-2200
5755
-2610
-7730
7870
3825
-2745
-5005
6670
3850
-2740
4770
-2550
-8130
-6000
-290
4185
-3405
6130
-5350
5410
-2120
-4205
3460
-1240
-5955
9840
-1170
5640
4660
-2150
-1750
-6730
-4955
6065
5430
-3210
-7955
9150
-3795
-7020
-3150
5365
9640
-3535
-6975
7530
4250
-920
7135
-170
-1935
3580
-1090
2755
-9015
-1975
-6820
-9615
4410
-3855
-2050
-4935
-1640
1960
5425
-985
8995
-7885
-3245
6495
7825
-1165
-2445
-1175
-1735
5210
-650
3785
5070
-965
-5555
-1065
-1775
8990
-6125
8115
9980
-2210
9835
-9280
9570
-5325
8475
-6810
9885
-6555
1585
-485
-1445
9215
6995
-4220
7635
-1530
-645
7390
4215
-330
-3265
3820
-8705
-630
-5760
8535
9305
-2090
-2050
7480
-1555
4885
4895
-455
-1670
8840
-1900
6340
8590
-6925
-2845
6175
-9435
-5925
9710
-270
-5120
6140
1860
-1305
-250
5800
8680
-910
-1320
7425
-3025
4860
-2495
7435
6945
-1950
-4835
5390
-2720
8270
8355
-6135
-2210
8315
8705
-3220
-375
7035
-4265
5395
7595
-5375
-1380
9150
-2390
9050
5370
-4815
5155
-3160
-8245
-3920
7710
-1050
-3785
7670
-4005
9250
-2345
4565
6550
-445
9980
-9360
5565
-4760
-2720
6430
-620
2070
-5380
9820
-4685
9680
2955
-1290
-3930
-3785
-1240
6690
-1305
4080
-1595
4595
6700
-6145
7560
-5150
4935
-2345
-5325
7835
8590
-5260
-2450
7690
-1270
7930
-2155
-8220
-1255
8105
-5140
5695
7540
-4210
5695
-4725
-6850
-9440
-4490
5045
8400
-1185
-2565
-2125
-5965
-7730
-3620
6690
-3485
4595
-8775
-6530
-4415
6635
8515
-5740
-4295
9845
9275
-2615
-8280
-6585
7345
-5140
9775
-9220
-4585
7915
8910
-1695
-1235
4010
7940
-4500
7940
-7405
-3345
6965
8325
-6660
-6025
9910
5605
-1165
-390
4275
-8320
-5670
-1890
2445
-4720
-4015
-5160
9760
-8825
9380
-4750
7930
-945
5385
1760
-1205
-1755
9525
-580
5365
-4180
-1715
3560
-2045
7885
-6775
-1425
8415
-310
-9465
5370
-4260
-2010
3675
-4440
-2400
-2220
4995
-8205
-6975
-915
7115
-2485
8590
8395
-1735
-6145
-8325
-1985
4285
9615
-1095
9005
-4010
-5460
6495
-1785
7335
9105
-360
-8765
9320
6450
-4785
-4095
6870
-3250
8245
-1815
8180
-2490
-3720
7760
-7205
-1305
2415
-1560
4335
-7460
9125
3535
-760
795
-655
9200
-5870
8035
-5260
-7710
9390
4935
-945
-7690
7825
-6620
7175
-2115
8220
-2450
5225
8460
-1160
-2205
8310
-5555
6645
5815
-680
-2835
4005
-6900
-5850
5190
-750
-3810
7180
-905
7540
-4150
8035
7700
-3525
-210
-3260
4655
-4300
4090
-1315
-2000
4380
-5435
8765
9315
-990
8100
-885
6700
-1150
7670
-5035
-7530
-2395
-4740
8625
-3945
-1530
-200
4640
-7430
8265
5900
-905
-6515
7070
-1630
8290
9685
-215
5565
-2445
4470
-1695
-1860
8005
-5140
7785
7060
-3725
-6905
9680
5050
-3385
-2210
2640
2825
-2425
-4045
-1425
-4930
6245
-5070
-4765
-4695
5140
8060
-1400
-1565
3230
7270
-4495
9025
-5110
-2295
4035
-8695
9805
4835
-3565
-2040
6800
1450
-340
7595
-5910
-6785
9560
4410
-1635
9915
-1590
-1560
9635
-800
2465
-5545
9755
-4805
5360
-2070
7155
8300
-1640
4070
-3200
-515
5530
8400
-2710
-4380
9930
-2950
5725
3460
-3025
9425
-6650
-3755
7945
-4355
6020
-1465
3665
-7755
-4855
-1730
9500
-9890
-4165
-5605
6160
-6515
9290
2395
-1285
2645
-425
-3160
5380
-3805
7185
8245
-7135
1920
-810
-3830
6605
3120
-1455
-3400
-1200
-470
3485
-3060
4725
9100
-775
-1080
-9975
8165
-4835
8760
-8205
8755
-1540
-6130
6550
-1755
6195
-1565
3230
-5655
6210
3315
-435
-290
1390
-4690
5760
-6795
7350
3320
-2620
3700
-2100
8795
-6265
-470
8240
-410
7070
-3770
8440
-1380
4300
-4100
7610
-1770
4545
1400
-1120
-810
1115
9410
-1085
8210
-5620
-5770
7990
6940
-5735
8990
-6215
4760
-2540
-6280
8380
-4740
5295
9855
-4860
-1325
4910
8160
-7605
-4530
9525
-4105
-3835
-5835
8055
3375
-1305
-1995
6120
-3845
-7375
-1935
7485
-6155
7820
4000
-1225
-9260
-5600
3590
-260
7665
-7565
5025
-3915
5685
-4510
-3335
5110
-2730
-5475
9575
-475
9625
-5185
7905
-6795
-2435
4100
-2775
-290
4410
-1590
4895
-3745
7760
-5380
6615
-3715
2490
-1190
-1055
3060
4660
-220
-5270
6935
9475
-940
-5135
8135
-730
-3775
6405
-1965
9205
-3655
3180
-960
4545
-2325
-1470
5910
-5600
-8760
-2110
4330
-1775
5660
6325
-4105
-6050
8600
-2440
3600
-210
1980
9905
-6020
-3260
8810
3730
-3265
5630
-635
5260
-5095
9935
-4815
-5665
7885
-945
-965
-5985
9315
-410
7625
5690
-695
9345
-2170
8415
-4320
2930
-1820
-1895
3640
-8170
8745
-3650
5050
9030
-8395
7775
-1670
8935
-610
-4190
-3850
-1480
8140
7915
-2920
-875
4600
-1015
-8090
7395
-4380
3000
-615
-7865
-380
5340
-4230
-2000
3665
4620
-1430
-595
5035
-4065
6005
-5185
-4425
2835
-1170
-855
4185
9135
-8025
8340
-3900
-1215
4545
5280
-1950
-8600
9710
9425
-6650
-3215
5715
-605
3825
-1130
1685
6600
-1605
-5825
-7025
7055
-6140
-1800
4575
-4990
8320
-1045
-230
7820
-4490
-6630
-9235
-1645
8860
-2035
5920
4055
-2565
-2505
9695
-1040
3165
-7815
-2560
-8410
-9370
9465
-2250
-9270
-4930
-1080
2745
9170
-4655
-4600
6820
-6115
7920
-1575
6570
9425
-3280
-255
6360
-620
960
-7405
7960
5225
-4115
-2290
4510
6150
-4125
7875
-460
-1475
-2810
9165
-4170
6860
-1420
-7150
-355
-3010
6775
2300
-1140
9860
-9305
-1095
7455
6055
-2170
4205
-2540
6225
-4630
-7910
-7970
3715
-315
-2810
-8885
7750
-7195
-4965
-7560
-1495
-1620
-1800
2910
-3985
8900
7630
-390
-4335
5330
6500
-5135
7200
-540
-3575
3680
8195
-4460
-2800
4150
8370
-2265
-3275
7655
-3775
8215
6725
-6170
8785
-2125
-260
8285
-2240
8065
9675
-795
-3600
-2325
3280
-665
7765
-7210
-4550
5685
9575
-4025
4070
-3035
-7770
-7395
9975
-8865
9180
-4740
-2885
-6785
-3960
9510
-6740
-4220
-3680
-1695
8435
-230
-4490
5045
-2610
-6670
4935
-2715
-5515
7735
-5095
9535
5705
-2375
4340
-455
-1665
5650
9275
-3450
8890
-5005
-5570
-1430
-2285
3920
-2090
3200
6535
-4315
-6880
7435
6430
-2650
6950
-2680
1605
-495
-7815
8975
-4235
9785
9960
-5520
-8050
-1345
-6320
6365
5385
-4275
-7830
-6095
-4795
6460
9510
-4515
-9975
-3610
7225
-2230
7995
-1690
6565
-4185
-3460
4760
8245
-475
-4885
8770
-720
4410
8920
-4480
-2325
-4555
-1960
5515
6000
-2510
5240
-2930
5020
-580
6455
-5900
-8840
-5365
-2465
9290
5735
-1295
8420
-650
-6055
6845
-1080
2350
5410
-1525
9430
-8740
-2445
-3265
-6110
6600
-8275
-3825
-6305
8525
8810
-4925
9875
-7100
-1695
4010
-3885
9435
-4010
6100
-4020
5685
-7000
-1955
2020
-340
-4455
7975
9290
-5405
-7565
9785
-8800
-2325
-1585
4620
-895
5045
-8330
-3150
-2445
9105
-1955
5285
7910
-7235
-2130
8790
8110
-2560
-7430
-7565
-1490
5930
4075
-745
-8535
9645
-4125
8630
-715
2405
6195
-2800
-8890
9340
-6370
9580
6235
-5125
-5080
5635
7610
-4280
7055
-950
5400
-1515
4340
-1010
-455
7670
-4910
-490
-4935
5490
-1490
8390
9825
-5940
-1070
2430
-410
5405
9555
-9000
-6750
-7850
-1645
7750
6915
-500
4605
-1830
4755
-4200
9405
-2745
-3395
9440
-2970
8395
-3430
7110
4945
-2810
8605
-1470
-1100
5540
-6265
-545
9855
-8745
-2015
-3205
-3655
8415
8265
-7155
7040
-5945
-1530
9855
-260
3740
8610
-2955
8045
-6320
-5135
5690
8955
-6735
-3290
8270
6540
-4875
8040
-5265
-5270
-6010
9455
-5000
-4640
-1890
-8785
-2275
-4615
8500
6920
-3035
-215
3115
5405
-3185
-5730
9080
-6170
8885
-7170
9360
8985
-2325
8685
-3135
8430
-1215
-6315
7530
7360
-700
-3110
8645
6415
-3085
-5215
8150
4910
-1895
-460
3790
-1295
-5600
-8150
9815
-8855
9965
-6560
7490
-6230
9560
1640
-530
-400
-7960
-310
9745
6690
-5020
5270
-2835
-6615
-8745
-8340
8390
3610
-3055
5975
-935
-5535
6090
4030
-1345
6410
-5300
5750
-4640
-9040
9595
9865
-3205
-1685
8900
2815
-1410
-6400
9730
7085
-4765
8110
-375
9495
-8310
8995
-7230
9445
-8890
5135
-2610
8280
-7060
9085
-5755
5460
-1575
-340
8110
-245
8570
-7910
9555
9605
-5285
7910
-7355
-5265
6375
8280
-1065
-2050
8710
-5135
6430
7155
-480
-5345
7115
-7765
8320
-1575
7365
4980
-1795
7485
-5820
2470
-2130
-4800
7905
7900
-5125
9520
-1495
5125
-4015
8185
-970
6675
-5565
7785
-7230
2310
-685
3960
-2960
-1790
8175
-255
3585
-8005
9670
-3330
-5815
-2075
7070
-7425
9515
8705
-7570
-1165
3940
8280
-2845
-2095
9865
-7075
-4950
-360
915
-2575
-1555
3805
-325
6795
-5685
5130
-4020
6355
-4505
1680
-235
6390
-3615
4230
-2010
7100
-5990
4385
-3275
9480
-235
6330
-5445
-525
6630
-2750
8415
-1085
4970
4465
-1135
-2795
8345
-7470
-6195
-2555
-2180
3950
-1105
-1635
6930
9840
-5215
-5770
8565
1840
-1285
-3685
8115
-9340
9895
8495
-5290
7550
-2000
6620
-2180
-2995
3550
1045
-490
-715
-9550
4240
-910
6160
-5480
-9315
9870
9270
-2865
-3170
8895
-2945
-8340
4485
-210
8645
-6425
-6065
9395
-7035
-7505
-1760
3835
9445
-1120
-3965
6465
5155
-1325
9820
-3395
-6270
8340
8535
-5205
9410
-1675
9695
-9015
-7420
9085
6700
-4480
-7225
7780
5750
-3530
4005
-415
2850
-1185
-2820
2950
-1495
9820
-2860
3400
6355
-1915
7015
-900
4995
-2775
-1095
5535
5040
-2025
-1950
4170
-160
7860
2875
-375
-4670
9240
3260
-1595
6330
-3430
-1165
2830
7840
-3400
-965
8180
-1780
8995
7195
-1985
8725
-5860
9100
-2365
9420
-6095
8795
-470
-6050
9380
-5610
-8735
7160
-6605
-1330
9930
1590
-480
9800
-3695
-1350
9855
-4375
5015
4655
-3950
-2990
5765
-635
7295
-3990
4565
-440
6545
-3130
5410
-3630
9590
8600
-6675
9830
-6935
-2330
7880
9995
-9440
4515
-3960
9110
-795
3625
-850
-2340
9555
9520
-8410
1980
-1860
5945
-3725
5580
-3015
7175
-6620
-4450
-7210
1960
-1405
-1120
2230
-5930
9360
-2390
3500
-7875
-3965
-1115
4010
-3490
8475
-2100
3765
-7155
8385
4605
-720
-7380
8490
-1080
5520
-4685
7610
9480
-8900
-4245
6465
9595
-6265
-4470
7245
9695
-3035
-7215
9215
8250
-3810
-5345
7055
-6630
-8925
6125
-2240
7310
-3425
-2460
9745
-4245
8645
9240
-6470
5880
-5325
8340
-435
7040
-2600
1375
-265
-5665
6220
-5005
8335
9490
-5605
-2225
6625
-235
4675
9610
-3505
-6520
7075
6565
-5455
5100
-4700
6245
-3790
9930
-2960
-1280
9605
7405
-4630
4835
-990
6760
-1825
6960
-3690
2980
-2425
6795
-1795
8570
-4685
-3775
7995
-6475
9130
8860
-635
8880
-725
-1245
9570
-6325
-6560
-4640
8240
-6705
6870
-1620
2175
6365
-5510
-6390
9470
9400
-7220
-8045
-8305
-2355
8965
3030
-810
-5510
9085
-5950
8170
4265
-380
8860
-5755
6865
-2065
2080
-380
-910
-5060
8385
-1340
-4130
7460
-2670
3225
7195
-2975
5580
-3895
8190
-660
7710
-5490
-2025
3770
-2200
-6860
-245
-2070
-6490
7600
-3245
8330
-505
9385
-570
2790
9980
-1165
8280
-5020
-2065
7060
-2250
8355
-3915
5025
9730
-4195
9915
-6030
9595
-6820
6680
-5015
-7405
-8245
-4155
6375
7835
-2865
-2910
-2480
7495
-5275
9080
-755
9250
-6120
-4395
8000
-1745
5630
-3125
6455
9045
-8715
5170
-4240
810
-470
9285
-2715
-1840
-1620
-5195
9635
-2765
5030
4785
-2010
-865
3085
8275
-1685
5640
-2310
-3200
9180
-2650
8755
5545
-3645
3760
-430
8685
-4800
-3665
9215
5650
-3580
9885
-8220
8460
-3465
-915
9795
4935
-4535
-4615
8500
-1930
6330
-5680
9225
9600
-6270
8845
-6570
-1200
2845
-8520
-7765
-3015
-4420
-4000
5665
-2945
7940
6355
-2315
-6270
6825
2945
-1315
9030
-5620
-6935
7490
6355
-5800
-780
-2235
-4955
6620
7635
-3615
9865
-4420
-2670
8220
-3365
-7990
-7020
7055
-1345
9860
7740
-525
-7650
7795
9275
-3170
7065
-2625
7785
-5010
-5830
5965
2170
-1615
9805
-7030
6865
-1870
-5375
6120
-2790
4455
-7135
9910
8190
-2080
8245
-7690
-1595
9130
9175
-5700
-4510
6730
6440
-4970
7790
-1380
-3645
7640
3395
-1900
6745
-6240
-2175
7170
6965
-4190
-8325
-4645
9990
-3200
9700
-1990
5490
-2160
-2460
2885
5660
-3995
9090
-4325
8295
-3855
-3250
8245
-400
-8020
-6525
9285
5470
-2695
-2295
-7835
-170
3030
-4810
-5475
-2240
3350
3910
-1135
9465
-4470
-7795
8350
-3100
8095
-2245
4740
8285
-7730
-6665
9605
-9615
-3665
7965
-2415
4280
-1720
9345
-6570
8580
-810
5450
-2675
6405
-300
-6885
9765
-365
8135
-1930
4150
-3365
4475
4185
-3075
-5315
6425
-3370
4685
-5840
9170
8255
-2150
-5320
7540
-770
6320
-2950
3505
8730
-2625
-4485
-5510
-1950
5525
5185
-990
2615
-1505
-5880
7405
-3240
6645
-1070
4850
-3150
-8195
-6555
-8365
-3450
7295
-1105
6655
7250
-5030
8270
-3685
-3585
7470
6695
-1145
8205
-3765
9420
-4840
-985
6430
9005
-3735
-590
-9195
7270
-610
-625
7725
-875
9755
-6300
-2670
-6130
8350
8150
-3155
4730
-1955
8160
-3720
-1185
3960
5790
-1350
5415
-3195
-1715
9005
6830
-1280
-9425
-5825
-5655
6455
-1635
5520
-8945
9775
-2625
3180
7985
-3670
-3150
5370
-825
4560
-1585
6580
3615
-840
-1335
7440
-4865
6490
4395
-200
6345
-795
-5195
6775
-5220
6330
-2635
6155
-7230
7785
7435
-4405
3405
-2835
-2525
8630
9910
-3250
7780
-6725
8780
-4340
-5615
9500
-5305
5860
-255
1005
-2025
2580
9325
-5995
9755
-8675
2845
-865
7175
-6650
-710
5115
6025
-990
7520
-1515
6670
-5360
-325
4435
-2670
3780
9330
-2415
8910
-7245
6425
-3595
6365
-3385
9485
-7265
5110
-210
9115
-8560
-3125
-9200
-7460
-3390
-4445
9880
6750
-6195
9650
-1325
9695
-7795
8180
-5960
-4485
4880
-3490
7930
4135
-955
-2025
4785
-1330
3550
7555
-340
-3225
9885
-5890
7940
8670
-5385
9605
-4810
5800
-3240
-3540
8035
-5045
6535
9975
-1650
-5255
9130
7040
-6890
3530
-1840
9790
-8125
4585
-700
-490
4930
-2705
3600
-6995
9140
7880
-665
-2190
-8115
-2255
4240
6770
-3065
-3925
8920
7925
-5705
-265
9755
-245
980
3875
-520
9125
-4130
5400
-3180
6160
-3940
-4130
-8870
-1955
-9620
-3870
-9360
-6840
-5855
8740
-4650
8420
-2185
2200
-1900
-3815
-3865
-2935
9075
8440
-3050
7035
-5255
8060
-3620
2455
-235
-8485
-7255
2190
-525
8230
-1015
-3205
5980
-6925
-7780
-1570
8230
-4960
8845
5705
-4985
-1460
8675
-405
2070
7310
-6755
5100
-500
-3480
7970
-3985
9220
-4035
5315
-3165
9825
-265
3185
8460
-6240
-8520
-8595
8840
-2735
8940
-765
-8510
9620
-2200
-5950
-9020
-9430
-3710
6290
-3245
5465
-7490
-6485
5515
-895
7065
-5780
-4370
6590
7965
-6920
2770
-2215
9020
-4025
7575
-5355
-6140
9055
-2910
-3905
-1965
8185
9665
-6335
2925
-2370
5980
-5450
8980
-5650
-4355
8240
9590
-9505
5505
-180
3760
-430
-1385
4160
-2985
8500
8530
-5200
-330
9485
-4820
9350
9965
-8090
9830
-6500
-5600
9925
-6270
7975
5560
-2320
7600
-3715
-440
7655
-1325
8225
-3355
8070
5420
-3200
6650
-1695
6890
-2900
-4060
6280
7865
-2870
-4565
-4400
7830
-2160
3415
-2860
-720
1830
-1280
-6700
5135
-5010
-4200
-2475
-3355
6130
9655
-6325
-2100
2655
4625
-4070
-215
7155
-3205
9940
9000
-1230
-5310
-1940
2740
-520
-6785
-2050
-5660
9545
3040
-1930
8560
-3010
7700
-3815
-6880
8760
9450
-6120
-2035
5365
-4025
9020
9375
-1020
2530
-1975
-635
3965
-2225
3335
9925
-9780
-2065
4840
8075
-6940
-8510
-5425
-4855
5410
-4850
8420
-2320
3430
4065
-3510
8795
-3125
-2155
8260
8435
-1180
7030
-1480
6990
-3660
-1255
7360
8145
-2595
4125
-3190
-1155
-6110
8000
-230
-5525
8300
3080
-2615
1835
-1580
5785
-3010
-575
-9985
2295
-1340
9210
-5075
5230
-645
-1100
8005
9490
-2275
-280
6940
8430
-6210
-2745
9405
3910
-600
-6300
9075
-2765
7760
-5225
6325
7565
-905
-2410
7960
-1810
7915
-5130
6795
9725
-3445
7915
-6805
8440
-5110
6895
-4160
-485
-8970
7470
-4695
-7015
8650
-1680
2205
7115
-4895
-1085
4970
4075
-2965
8610
-4930
-5395
-925
-7385
-9890
1025
-470
7910
-2025
-3005
-7750
5190
-4080
8565
-5235
6650
-545
-3450
6225
-475
8515
-6430
-4475
-7505
9170
5730
-2400
8435
-3995
-2100
3455
3960
-1185
-3565
4370
-1730
8915
4270
-3160
-585
3915
-1265
8300
5930
-4915
-4420
9970
-7275
9490
-2130
8110
-9355
-1540
-2370
-3220
6340
-6230
8225
-455
9335
-4340
-2855
4665
-1240
6290
4795
-3685
-6575
8280
-2390
6275
7110
-1005
-6110
9440
2520
-1965
6480
-2170
3360
-2265
-700
6250
3970
-2860
-7335
9000
6105
-1110
-980
3755
-500
-2180
-3090
4000
9925
-6040
7205
-440
7840
-1100
-5455
9355
7665
-2160
8570
-6350
-6650
-8340
-155
4710
-5850
7515
2525
-1415
3900
-2235
-6385
9160
7265
-6345
-5880
6435
6815
-1820
-5550
6105
9790
-8520
-1135
3605
6855
-2790
-1220
5660
-6520
7075
6090
-3870
4350
-1865
-3340
9000
-5000
9970
9715
-7495
-375
-2450
-230
4115
-8750
9860
8760
-2655
9690
-2780
-1605
8520
7590
-4815
8115
-6375
-1800
2910
-1785
7335
-2040
-3335
-3110
-6460
3870
-2185
2840
-1175
8360
-2810
7945
-1285
7030
-5820
-895
1450
-205
5885
-7805
-3155
2780
-1755
5445
-4890
-5570
6125
3650
-1430
9760
-5865
8610
-3435
-2530
6610
7135
-240
-7915
9025
9840
-4290
-4900
7120
-1505
5925
9780
-6450
-4360
4915
7445
-1340
-1350
-5615
5040
-2215
-5155
7375
-4875
7150
-1470
3135
-505
2785
-4930
9925
9510
-2295
-205
2030
-910
7015
2230
-565
-2750
5525
9525
-8970
9850
-7630
-3505
4060
6715
-6010
-3890
9980
6600
-1605
-3990
6775
-9110
9665
3585
-3580
9720
-7500
8535
-6315
-520
2740
-3870
8865
1775
-170
-1625
8840
-5345
6565
-5360
7025
4800
-4100
-795
6900
-520
8875
-2025
5915
7915
-4585
-5185
-5950
3605
-2650
-3995
4735
9105
-2600
-1160
1330
-9190
9745
9935
-955
2380
-715
2180
-1420
-6725
7835
-2150
7910
-4440
9435
-5885
7720
7865
-3980
-5065
8390
-5480
7145
8575
-1325
-200
4350
-840
-8510
8905
-1690
-2220
9430
-1420
4750
-625
905
5810
-325
-4805
7890
-550
3880
1875
-210
8400
-5070
7515
-265
7255
-2295
8955
-8400
-905
-2660
-9680
-7450
8815
-8260
-2685
8235
-575
9455
-4590
7920
-3300
6805
-9985
-2730
-665
3440
-155
2540
-1090
2755
-3345
3885
-3460
6235
-1405
8220
9075
-7965
-4800
5910
-335
-9605
7460
-800
9735
-7515
-7715
-700
5425
-4940
-1280
2310
-3665
7550
8990
-3785
-1730
1175
3130
-2890
-1805
3470
6115
-5560
4390
-2450
-420
2640
3890
-1580
9095
-5765
-9455
-815
3720
-2055
-560
2780
8090
-6980
-3460
4705
7370
-1265
-7670
8555
8580
-2990
1390
-870
-2420
9635
-1590
6585
-1525
9850
3440
-1775
1555
-1000
6030
-5475
-4400
7180
-2025
4245
-2685
-5980
-4210
-9535
-8040
8595
9570
-7350
4925
-1980
7740
-4650
7320
-3990
8410
-5635
-1520
4295
5680
-4570
-2605
5380
-2970
-8260
5340
-345
8885
-4885
5450
-2675
3955
-1180
-3590
7475
-7150
9925
-2070
9840
7555
-2560
-975
4485
4515
-1820
9190
-8080
-845
-460
-7550
-2840
-9530
9740
7020
-3135
-805
-3810
5365
-2940
-2715
8820
8215
-6550
8065
-4180
-3665
7005
700
-660
-3140
5805
-815
3045
4310
-1700
-1025
7685
3070
-1405
6320
-2435
6955
-4180
-2520
-1525
-3150
9810
9065
-7880
-6840
8080
-1015
2985
-7000
-2005
7735
-7180
1895
-1080
6260
-2375
9605
-7940
-6050
8915
-250
2585
-5165
-6115
9560
-8450
-8030
-1970
-6545
7655
-305
1970
-2475
4075
-1380
9105
8700
-5925
4010
-2865
-5400
8595
-2700
4365
7695
-4365
-5825
7735
-5705
8985
-950
9940
-7545
8685
-1620
8835
-1515
4305
-4450
-9565
4115
-800
-1690
7240
2955
-735
-4145
5255
-2860
8090
-1205
8760
6210
-670
-2330
2710
-6355
8090
3045
-2490
5050
-3940
5825
-1495
-8835
6060
-7740
9105
4710
-1380
6245
-6220
-5195
8525
9385
-5440
8840
-6225
-6805
9580
9140
-815
4905
-1575
7595
-3155
-3065
8225
-1450
2620
9515
-5785
-6570
9900
9995
-2955
-3625
7280
-2565
8670
-4350
6115
-3405
3960
-8225
-9360
8980
-4540
8650
-8200
-5320
6985
3145
-570
-1785
7610
7605
-6495
7490
-650
-725
-6155
8360
-6695
-3715
4735
5905
-4970
-8390
-1150
-625
6940
7110
-6555
-3325
4990
-2115
6555
-250
3580
-4900
6565
-7095
-7735
-4315
7645
7440
-3730
-1065
8415
-6450
9225
-8170
-7310
-4720
5275
4940
-330
1380
-870
6900
-2520
-6795
7780
9320
-8210
-1620
9725
-1655
3875
2240
-1550
-785
7855
-540
9920
-960
6510
8015
-1910
-2590
6360
1705
-1290
-1200
7610
8235
-3795
6810
-4590
4765
-1030
-7970
9080
-2145
8805
-3540
8535
-3090
8640
-2325
8985
-510
7725
-5945
7055
-700
4250
-5635
7435
-3975
5085
-1430
1985
-4690
5245
-3685
9345
-355
2610
-3355
8815
-9145
9700
7205
-3875
5775
-5220
-1730
6170
-5420
9660
2350
-700
-1310
-7715
2980
-205
-1930
-4550
-9335
-6465
9765
-3660
-3310
8860
7895
-4565
-2360
5690
-1710
3375
-3420
6750
-1680
9450
-6935
8785
-4740
-5700
-1545
7070
-540
4315
-6575
-3040
-810
5805
9445
-2785
-3840
9795
-1510
-8355
-265
820
-3005
6890
5620
-2940
7735
-6070
-5990
8210
7875
-1810
-1915
7465
-7930
9320
9905
-4910
8375
-3935
-625
8395
7460
-245
-2275
6115
-5745
8685
7830
-955
7290
-6735
-725
6830
-1240
9645
-3910
9730
6700
-1705
9675
-6345
-8025
-425
4250
-3140
8775
-450
8220
-2670
-6830
8045
5110
-4035
3560
-1820
-5665
7250
-3655
8010
1085
-530
2555
-890
-2080
2740
9235
-6460
-995
4725
5000
-4695
9750
-315
7100
-1670
-3270
5490
-3455
-8215
9290
-1520
3105
-1010
9925
-8815
4800
-2175
6145
-3685
-4625
-2985
6310
-2425
6270
-4440
8850
-3855
-4165
5805
-6320
6590
-9250
-5700
8420
-7310
7215
-6025
9705
-1935
7610
-2060
5410
-970
-1515
4935
6800
-4430
-3270
7710
-1460
5900
-1645
4420
4575
-3465
-7975
9540
-2745
8850
-2450
4370
-7155
9375
3400
-625
-655
6205
-205
5755
6890
-785
8565
-835
4690
-4135
-2530
6415
-5125
-3075
-1895
6070
-385
2235
-3505
7705
-2985
6315
8315
-7760
-670
5665
9470
-7055
-1315
6865
-5305
8075
8660
-6060
-1375
6925
5505
-505
9690
-2475
-8030
-660
9185
-4025
9485
-3130
6665
-5410
3250
-2140
-4645
9800
-1105
5545
4130
-2465
-2175
3285
-4720
5830
8055
-6390
-2630
5680
-1185
2535
-4610
6510
2780
-2225
6440
-2000
5720
-725
-7030
-2995
4230
-345
-2925
8475
-3870
-8520
-905
2570
-6025
7690
2125
-1810
-8645
-5900
9325
-1965
-6145
8620
-2935
3480
-2260
-8505
7625
-3185
8715
-2775
8845
-1075
-4975
6140
-9285
-8710
6060
-510
9675
-6345
-7460
7720
-4305
5365
4470
-1695
-4455
6675
-9645
-5575
-815
4700
7550
-4035
-3030
8025
9535
-1765
-7730
8645
-1005
5445
4490
-865
-3090
9470
-6645
-180
6150
-4985
-9210
9765
9865
-8010
-2020
8680
-6500
7610
-1510
6360
3645
-595
-575
-9830
6130
-2800
4695
-1920
-2380
2935
4935
-3060
-4235
6405
-545
2210
-5010
8340
7255
-280
6130
-1420
9540
-2920
8810
-1595
-2310
4895
-9765
-8620
-2805
7800
-6245
6790
8600
-8045
-2100
7735
-1085
3425
-7650
-8590
7440
-4665
-6005
-2090
3155
-380
-6935
9140
9490
-8935
-865
6995
-3690
8825
6440
-2165
4595
-385
8645
-6425
7355
-6995
6790
-3460
-1575
3050
8325
-9990
-4695
9690
8610
-5280
5370
-1865
5505
-1430
8140
-925
-8620
9730
9220
-3115
-2980
-1910
5935
-3915
8420
-5645
4225
-3115
3275
-1765
4410
-690
8150
-5375
8755
-7645
-4390
9940
-6275
6920
8485
-2380
-3355
-2115
-750
2965
-1085
9965
-3140
7025
8540
-6835
-325
9205
5410
-3190
-1510
-1775
-4165
9160
5615
-330
8510
-3705
1020
-315
1145
-3365
6360
-4920
-9240
9900
-8155
9265
4125
-2335
6850
-5185
-4270
9820
-7445
8825
-7130
9350
4965
-2945
-2140
8245
-380
6775
-2510
9725
5940
-3125
-3625
5290
3230
-530
-4910
9095
-3400
4910
-3575
6200
8145
-6145
8165
-4280
-6345
-7855
7615
-6610
5020
-4240
-7330
-5590
-5575
6130
5455
-1890
7115
-3230
7995
-3950
-1955
5200
-5820
-8625
-8400
9320
-3380
8930
-6525
8745
5590
-3370
6130
-580
7910
-6245
5680
-4015
8750
-5420
4200
-1980
9980
-4430
-6020
9045
9520
-3415
-2960
8345
2590
-785
-410
8735
-1115
7530
-6870
8125
9610
-2395
-2640
7530
-1400
8060
5305
-4250
-3045
6930
-2700
9915
4455
-3900
-1920
8580
4970
-3865
-6470
9800
-2380
7930
-1425
6770
-3775
-9710
2505
-1235
-7210
8085
9205
-2775
4225
-1445
5810
-1925
-3775
-3905
-4700
8030
-3235
7675
-7805
9470
7875
-2075
540
-175
-2930
3485
-4005
8445
8820
-8120
-6965
9740
9605
-490
-1235
2900
-2590
7030
1885
-775
4165
-3055
7280
-5370
9765
-1440
4835
-420
-3245
9350
7795
-5220
6810
-4620
-3015
-6260
9850
-2840
8375
-3770
-8820
9930
-1440
8655
7335
-3450
5060
-2025
-5650
9370
1405
-850
9395
-1580
7460
-4130
-2825
4110
2885
-2330
-1290
2270
8610
-5835
-7965
9755
8510
-5180
4130
-1910
-1590
-9335
9040
-4045
9725
-9295
-6750
8415
8550
-2445
2685
-530
9290
-7225
-1970
-4935
-800
5795
9080
-7970
7270
-5970
510
-475
-555
1670
9410
-720
1460
-1165
-925
6895
1870
-1440
-3590
4700
-3200
4865
8900
-7790
-805
1280
9870
-4875
-7505
8605
4290
-3415
8135
-365
7780
-3960
-895
7365
5830
-280
-735
5175
6555
-1950
-3815
5480
7615
-1915
3915
-1140
-5120
7895
-3345
6120
6865
-6615
-560
6110
-2095
9310
-920
5490
-8115
9225
4455
-3490
1715
-1415
-5430
5985
-1815
-1550
5885
-335
7725
-4955
-7070
-930
3575
-1910
-3745
5410
-1785
7655
-1040
5480
-1860
9940
5400
-5290
-855
1410
9730
-1405
-3925
6155
-1465
7015
-1050
6045
8060
-825
-3275
8270
6015
-5460
-775
1795
7470
-3585
-4410
6075
-1060
8830
1890
-1715
-3625
6400
-4950
5055
3795
-2130
-730
1840
2345
-1975
3795
-1110
-3580
3685
-3305
5400
9930
-9375
4305
-2085
3770
-2105
6845
-4705
-6835
-6725
-315
-8525
9725
-4175
-1060
-6295
-860
6965
-3560
4670
-5300
8315
7495
-280
7925
-185
8040
-1935
-460
1015
-2760
5535
-5390
6500
5125
-4015
7485
-3010
-5080
9350
-2555
6995
-3595
5185
7600
-195
-4175
-5630
7945
-3085
-3750
6485
-1230
7335
5120
-4150
8750
-8600
5575
-2800
-4780
5170
-2925
9030
-7100
8765
-3360
3915
1575
-1020
5810
-5295
-4830
5950
-3605
5270
9475
-5590
5355
-3055
9115
-6920
-6510
7065
-1945
4165
-1075
8290
-2915
8035
9095
-3545
-9550
-8620
-3735
4845
7555
-1450
6750
-6185
-9845
-4770
-820
7275
-2280
9495
-6705
8370
9675
-795
-1475
6465
-1740
5625
6305
-5070
-5515
-3960
4135
-550
2795
-2345
3910
-2800
8820
-3825
-4035
7295
-4305
7685
-1965
4740
-1680
7785
-2170
6660
8395
-3955
7200
-6645
-1100
8315
3085
-1975
-5995
7945
5500
-2170
-6325
-1845
9750
-5865
6945
-4725
-5015
8955
9365
-5665
-2630
4295
-3820
-6165
-5800
-7570
4810
-2035
5975
-3980
8815
-4375
-1570
3790
-1290
6725
4345
-1495
-4630
9070
-7020
9985
-3115
9220
-2675
-9105
4080
-4055
9560
-2900
5775
-3555
-8835
-7760
-7240
9460
9085
-5940
7530
-6975
4805
-2585
4340
-2415
6685
-3910
-6150
-9865
5630
-4980
7630
-6940
9690
-9135
5320
-2545
-3900
8625
-8265
-9435
8645
-5315
-7340
9430
7560
-5340
-5285
-5225
-275
6935
4915
-3250
8870
-2590
6800
-5135
-1275
3035
-1240
6235
8355
-6135
-2420
-850
5835
-4970
-8640
9905
3810
-3255
-5720
9560
-4020
5130
-6040
-4365
4695
-3030
8765
-1945
-5640
8970
-2985
8535
-2530
4750
-5735
8185
3570
-1350
8630
-715
-2700
-6615
7980
-7335
-3025
3580
4570
-1240
-5245
9685
6835
-1805
-3745
6520
6820
-4600
-5680
9565
9360
-6030
8065
-220
-595
2095
-7865
9530
9725
-7275
-5435
7145
-5065
-3630
5640
-4530
-3475
7905
1640
-1085
-3135
6630
-725
3500
-3215
4880
-6760
7315
9365
-8485
-6705
8370
-1755
5085
-7325
8435
9485
-5670
8740
-5975
-3050
6380
5560
-5005
-2355
4020
2460
-1520
9830
-5665
3120
-345
-955
-8690
9595
-2380
-3635
4425
-1990
5225
-5860
8635
-6065
8285
-7590
8395
9145
-6370
2910
-1330
-4695
6915
-3390
5960
-2660
8210
5720
-4170
-1420
5860
4965
-1610
6245
-4365
-2235
5565
-780
5940
-3440
5105
-1365
-6405
-1215
2880
-2875
5650
-2600
3710
-190
1315
-5665
-5615
-2605
4825
6645
-4395
-4730
-3025
8985
-5940
9690
-2460
-2575
5905
9510
-6735
7815
-7260
-2940
6825
5560
-820
-1320
6315
8860
-1655
-2540
3095
9740
-8175
-6760
9535
9505
-6175
-3790
8785
6805
-1810
5505
-2175
-8485
9040
-1275
7380
1235
-680
9745
-4195
1635
-225
-1225
5110
-5965
7075
-1490
2600
-395
4110
4965
-1080
-4105
6325
7735
-680
-2355
6240
-2265
7815
9705
-6930
-1400
4730
-1360
5800
3305
-1310
-7905
7940
5955
-5400
8850
-525
-4395
6060
7700
-4435
-4615
5725
9420
-9220
9655
-4660
-5000
-745
-8405
9805
7005
-5340
6785
-2570
-4665
5380
8010
-2460
8455
-1240
-5635
8500
-7410
-615
-545
9980
-1670
3890
8645
-3170
-3175
4285
-1795
8725
6795
-690
7965
-6300
9695
-1370
-1905
6345
-3190
8740
-4510
8395
8835
-555
6560
-1565
-4345
4900
-4550
6215
7720
-2200
-855
4740
-1800
7905
-9335
9890
1550
-505
2270
-1550
7955
-6470
9035
-3360
4240
-2585
-6030
8285
9160
-7495
-8645
-2385
-7125
9640
-640
8965
-7060
8725
9980
-9425
9110
-1060
-515
9950
6230
-5640
-5765
9350
-1860
2415
2145
-1385
8695
-3145
7025
-4805
-480
5825
6185
-1300
8080
-1420
-6225
6780
-9570
-1290
-5430
8205
8770
-5540
-3265
8445
-2355
2910
-2540
5870
-3345
7785
7275
-1725
9150
-2765
8215
-5995
-3070
9175
9155
-7440
-5470
6025
8340
-2235
-1310
6600
-3880
6100
8890
-1675
9300
-5970
5985
-3260
3450
-2550
8985
-4545
-1785
2530
-2745
4410
4470
-3915
-2185
8845
8960
-1745
7885
-7035
7450
-790
-3180
3735
